49 3 3 7
0.840188 0.76823 0.95223 0.242887 0.998925 0.524287 0.400229 0.949327 0.062497 0.885262 0.563765 0.772877 0.827527 0.58864 0.684219 0.915405 0.44485 0.906804 0.682261 0.278755 0.0745298 0.732654 0.552369 0.755581 0.997799 0.180372 0.611589 0.992228 0.831055 1.01794 0.649707 0.231428 0.280042 0.48526 0.83106 0.180372 0.343258 0.234372 0.292656 0.62537 0.980505 0.916747 0.943051 0.904932 0.864579 0.684178 0.178208 0.931895 0.394327 
0.394383 0.277775 0.916195 0.137232 0.218257 0.493583 0.891529 0.525995 -0.0414239 0.283982 0.0880865 0.657295 0.26889 0.657304 0.910972 0.658397 0.257596 0.103171 0.414678 0.169706 0.950104 0.656564 0.127038 0.0519388 0.0540576 0.163131 0.501382 0.576971 0.956866 0.684197 0.248044 0.074161 0.546107 0.353668 0.265381 0.653313 0.154665 0.969721 0.92619 0.715363 -0.0263787 0.796361 0.916273 0.909643 0.492399 0.72755 0.221966 0.908485 0.658831 
0.783099 0.55397 0.635712 0.804177 0.512932 0.972775 0.283315 0.0860558 0.456582 0.601999 0.488347 0.416288 0.227849 0.858676 0.482491 0.494192 0.176004 0.126075 0.738242 0.794387 0.0525293 0.967405 0.120616 0.157807 0.87054 0.39169 0.738097 0.877614 0.861742 0.559497 0.62948 0.633072 0.719269 0.909923 0.663947 0.0293352 0.596457 0.735466 0.736835 0.339488 0.814743 0.687546 0.861917 0.873979 0.463662 0.139058 0.498525 0.622095 0.608883 
0.79844 0.477397 0.717297 0.156679 0.839112 0.292517 0.352458 0.192214 0.0828943 0.418223 0.936107 0.730878 0.913171 0.43956 0.215825 0.662613 0.23749 0.495444 0.329919 0.168491 0.521563 0.639458 0.208927 0.999994 0.0723288 0.913027 0.103912 0.747809 0.792293 0.206984 0.229137 0.223656 0.113281 0.477529 0.444206 0.375239 0.608212 0.657402 0.0980117 0.780039 0.312533 0.0823985 0.203548 0.498144 0.848942 0.603109 0.121259 0.836828 0.258906 
0.911647 0.628871 0.141603 0.400944 0.61264 0.771358 0.807725 0.663227 1.10577 -0.381524 0.137166 -0.975798 1.21785 0.92397 0.950252 -0.860713 0.904572 0.760475 0.642288 -0.348302 0.176211 0.759735 -0.332224 0.204329 0.00416161 0.819695 -0.262836 0.62891 1.32756 -0.31176 0.70062 0.651132 0.471483 -1.13854 0.830064 1.04411 1.94635 -0.536379 -0.682369 -0.505265 1.40382 1.03391 0.793657 0.5762 0.495977 0.492422 0.138238 0.818128 0.15123 
0.197551 0.364784 0.606969 0.12979 0.296032 0.526745 0.919026 0.890233 0.967535 0.542316 0.764213 0.469885 0.683571 0.398437 0.920128 0.815782 0.429982 0.984752 0.245742 0.193882 0.240062 0.0934805 0.862938 0.889956 0.923069 0.359095 0.800555 0.0354209 0.757292 0.918729 0.316867 0.510686 0.59254 0.374723 0.318436 0.687417 0.338757 0.575702 0.404862 0.372903 0.446879 0.397313 0.548042 0.162757 0.291053 0.838134 0.360443 0.496074 0.072545 
0.335223 0.513401 0.0163006 0.108809 0.637552 0.769914 0.0697553 0.348893 2.84783 0.307558 -1.02265 0.51991 2.90209 0.814767 0.14766 -0.0527077 -0.777175 0.935004 -0.362294 0.384906 0.797798 0.134902 -0.733629 0.125468 0.593892 0.552485 -1.00265 0.747803 -0.043416 -0.283171 0.328777 0.971466 0.944318 0.238316 -0.234695 -0.309142 1.73928 -1.2193 -0.730257 -1.1172 1.95748 -0.172509 0.297288 0.273911 0.180421 0.724252 0.324807 0.334972 0.107848 
0.983514 0.636198 1.24642 0.796388 -10.1679 0.848966 -5.31221 
-0.991858 -1.28266 -0.751253 -0.371698 -1.21133 -1.1189 9.47646 
-1.16234 -0.974341 -1.17669 -0.927734 9.6816 -0.911082 -3.07174 
0 0 0 0 0 0 0
0 0 0 1 0 0 1
0 0 1 0 1 0 0
0 1 0 0 0 1 0
1 0 0 0 0 0 1
1 1 1 1 1 1 1
0 0 0 0 0 1 0