49 3 3 14
0.0294103 -0.0713969 0.136317 -0.00890673 -0.0486308 -0.128235 -0.170904 0.0536459 1.35561 -0.95269 -0.262506 -0.92893 1.15739 -0.227669 0.173727 -0.909212 0.680991 -0.118212 0.304079 -1.15982 -0.332866 -0.0767299 -0.53788 -0.524011 -0.0657236 -0.00715467 -0.103985 -0.0782382 0.615127 -0.917716 -0.0173417 0.201968 0.0681577 -0.866771 0.424228 0.525039 1.7508 0.0518366 -0.650192 -0.414752 1.89305 0.545753 -0.301818 0.0830816 -0.0725917 -0.169999 -0.0767069 0.0311232 -0.180542 
0.210103 -0.0109105 -0.0977565 -0.00904906 -0.0173206 0.128358 -0.0494799 -0.0871657 -0.660425 -0.891224 -0.151122 -1.04402 -0.433669 0.0353389 0.0429896 -1.09407 0.830821 -0.106729 0.823234 -0.886076 0.0308918 -0.00834953 -0.205765 -0.111879 0.151982 -0.0676929 -0.020118 -0.0431413 0.980198 -0.810185 -0.0452364 0.102913 -0.0338126 -1.04127 0.773016 0.884748 0.198843 -0.0799822 0.106437 -0.0438859 0.228095 0.842727 0.0968879 0.056333 0.0531797 -0.154294 0.0843581 0.111543 0.122221 
-0.116195 0.0722026 0.0802355 -0.149669 0.0757805 -0.0146018 -0.145784 0.0762124 1.57111 0.273532 -0.092414 0.374879 1.42229 -0.150236 0.0817976 0.40069 -0.528132 -0.0793114 -0.579792 0.141472 -0.239158 0.0624534 -0.289855 -0.364731 -0.0736996 0.207546 0.0997649 0.0870008 -0.635568 0.302008 0.0526658 -0.00343042 -0.0456559 0.501149 -0.485451 -0.601967 0.857918 0.0371133 -0.547087 -0.258573 0.992459 -0.452732 -0.359866 0.0670754 -0.0980965 0.0519029 -0.16109 -0.23308 -0.062601 
0.133599 0.0270405 0.0654872 0.0733046 0.0438339 -0.0372126 -0.0682672 0.00404201 -0.750185 -0.552561 -0.108565 -0.549186 -0.540954 0.0235784 0.0170325 -0.661828 0.355706 0.0675348 0.378487 -0.347889 -0.0384061 0.0875416 -0.138805 0.110669 -0.0443516 -0.210187 -0.0110404 0.0187784 0.459024 -0.521597 -0.0309317 0.101077 0.0715732 -0.616602 0.392174 0.461702 -0.213314 -0.0227443 0.00131519 0.0272274 -0.202983 0.3642 0.198395 0.0295513 0.0624462 -0.0275421 0.0456435 0.00289005 0.104795 
-0.0289055 0.0885528 0.118636 0.0163384 0.112411 -0.00708155 0.0476702 0.0967191 0.806194 0.326738 -0.136212 0.480184 0.765136 -0.120475 0.0777905 0.396221 -0.407845 -0.0579124 -0.430778 0.244647 -0.114393 -0.0695558 -0.18489 -0.0703838 -0.106393 0.130154 -0.0309187 0.0942931 -0.593471 0.346 0.0467617 -0.083752 -0.0207743 0.504257 -0.32968 -0.477269 0.263224 0.0369494 -0.260756 -0.269117 0.334049 -0.410879 -0.072888 -0.0698734 0.028877 0.0478104 -0.049483 -0.152483 -0.0236742 
-0.0174077 0.0346357 -0.190637 0.0110829 0.117402 0.0803129 0.0874243 -0.0305768 -1.31432 0.142113 -0.154026 0.136178 -1.14369 0.161783 -0.124486 0.187559 -0.259692 0.0950098 -0.178484 0.300539 0.0492518 -0.0753307 -0.00203243 0.368667 -0.0861218 -0.151813 -0.357604 0.0153381 -0.157898 0.0979296 -0.042281 -0.0344252 -0.111044 -0.026906 -0.244362 -0.104302 -1.45006 -0.222384 0.0900281 -0.0922246 -1.44455 -0.11423 0.271429 0.0433407 0.0224389 -0.0386298 0.104885 0.00931513 0.12615 
0.050137 0.0920133 0.0845984 -0.0718806 0.0901311 -0.0101687 -0.0427584 0.0809865 0.256875 0.303723 -0.0368316 0.286858 0.0945447 -0.0373275 0.0876279 0.290244 -0.291691 0.0794807 -0.270845 0.19753 -0.0824104 0.0204634 0.0152048 -0.0534507 -0.00586605 0.0381921 0.0102709 0.0448504 -0.387423 0.169971 0.00183654 -0.0937194 -0.0914081 0.266149 -0.28582 -0.196677 -0.00139644 -0.0134376 -0.0105939 0.00077144 -0.0671989 -0.298797 -0.0553193 0.0234527 0.0145398 -0.0132628 -0.0796678 -0.134991 -0.0971832 
0.0663812 -0.0190028 -0.205116 -0.0106798 0.0312809 0.036193 0.148922 0.0167141 -1.87816 0.240421 -0.376958 0.175203 -1.70965 0.248063 -0.0731058 0.215355 -0.699456 0.100455 -0.405914 0.540238 0.170921 -0.0912206 -0.318424 0.557335 2.73624e-05 0.0112031 -0.683488 0.0795121 -0.562489 0.0975437 -0.105517 -0.0952951 -0.0628258 0.0258243 -0.541924 -0.4356 -2.15294 -0.690802 0.00570889 -0.12703 -2.25251 -0.553734 0.238931 0.0438916 -0.108518 -0.0127277 0.0634864 -0.0279511 0.114774 
0.125737 -0.0721285 -0.0959187 -0.0512739 -0.00705291 0.0850342 0.0492395 -0.011488 -0.459547 -0.272603 0.0512947 -0.331248 -0.31734 -0.0247005 -0.05533 -0.284031 0.326478 -0.0846721 0.355731 -0.265157 0.0397367 0.00925848 -0.0182959 0.0767525 -0.0525491 -0.159358 0.0852539 -0.0660701 0.392519 -0.330068 0.0623613 -0.0219647 -0.0208418 -0.291839 0.272656 0.407656 0.00986852 -0.0555932 0.0587692 0.134898 -0.0351778 0.376298 0.0285189 -0.0428487 -0.0689092 -0.0300415 -0.0607454 0.105319 0.0954586 
0.101275 -0.0613575 -0.00654446 -0.00519876 -0.030407 -0.0344154 -0.0255392 0.0065692 -0.19048 -0.34861 -0.031065 -0.426616 -0.126881 -0.0659727 0.0452522 -0.480621 0.457526 -0.0250736 0.474824 -0.341118 0.0457706 0.0323046 0.00123424 -0.042245 -0.0619798 -0.0640785 0.13283 0.0236894 0.498275 -0.326397 -0.0232648 0.0142796 0.0636864 -0.355124 0.405177 0.351252 0.197501 0.00742624 0.10881 0.0155767 0.295233 0.422207 0.0396906 -0.0844383 -0.106422 -0.104292 -0.0444357 0.0973755 0.0968033 
0.046961 -0.0314119 -0.0319156 0.138933 0.0524014 0.0272738 0.10132 -0.062747 -1.26574 -0.423984 -0.0449125 -0.483422 -0.996882 -0.00311256 -0.0837038 -0.503874 0.398943 -0.00068803 0.453719 -0.229033 0.0406172 0.0659984 -0.0597356 0.265603 0.0415872 -0.136153 -0.135314 0.0599291 0.539824 -0.414588 0.0208082 0.0831953 0.0736498 -0.636931 0.403269 0.400043 -0.729353 -0.119348 0.197597 0.0810935 -0.890464 0.358635 0.173682 -0.0555352 0.0420291 0.00517939 0.12307 0.15003 0.0678635 
0.132016 0.0182995 -0.0460851 0.071915 -0.0441511 0.0832352 -0.068282 0.0401821 -1.29079 -0.336636 -0.134125 -0.57294 -1.1688 0.0731088 -0.159276 -0.456285 0.252299 0.0206152 0.360317 -0.348453 0.0888652 -0.067838 -0.107264 0.116152 0.0827188 -0.129797 -0.200495 0.0165365 0.422113 -0.423065 0.0888965 -0.113182 -0.103034 -0.555874 0.308522 0.284234 -0.946883 -0.183285 0.226327 0.0516693 -0.990095 0.286223 0.262695 0.0992782 0.0728771 0.0171444 0.104898 0.0825259 0.0949434 
-0.0823798 0.00633646 0.089355 -0.0138797 0.115298 0.0835547 -0.0507197 -0.0083922 0.0508736 0.295859 0.0571628 0.226679 0.0559005 0.116672 -0.029048 0.274163 -0.267672 0.0326304 -0.217392 0.211089 -0.000406516 -0.0441069 0.0300969 0.143671 -0.0800596 0.0468733 0.013676 -0.0780445 -0.320365 0.171588 0.0329152 -0.00764465 0.0110944 0.30182 -0.319722 -0.250638 -0.21874 -0.0929036 -0.115275 -0.053121 -0.328766 -0.165014 0.019933 0.04724 0.0706637 0.125309 -0.0617802 -0.0467079 -0.00636682 
0.121517 0.0356314 0.0107693 -0.0287331 0.0152195 0.126685 0.0196477 0.0798863 -1.12788 -0.0274429 -0.181583 0.0197204 -1.12366 0.169613 -0.0379481 -0.0244232 -0.0209265 -0.0242128 -0.0150312 0.0581201 0.058483 0.00728955 -0.119304 0.205075 -0.0445945 0.002351 -0.367017 -0.0678351 -0.0587994 -0.0705737 0.0272537 0.0200083 -0.124689 -0.127429 -0.112032 -0.0481076 -1.11999 -0.24278 0.0968626 -0.050317 -1.11834 -0.0277931 0.116171 -0.0955665 -0.0272142 0.0690496 0.109894 0.0299029 0.170921 
-1.13296 -0.577481 -0.379033 -0.249599 -0.097386 0.738921 0.0298623 1.05688 -0.274757 -0.469072 -0.0717498 0.00501598 0.141352 0.44814 
0.165974 -0.634154 0.561666 -0.510049 0.36315 -0.846202 0.0424181 -0.854383 -0.552192 -0.478697 -0.711219 -0.612194 -0.0802111 -0.6211 
0.560843 0.8955 -0.953206 0.496439 -0.779748 -0.530679 -0.568772 -0.785469 0.262752 0.341767 0.388745 0.322659 -0.546169 -0.200285 
0 0 0 0 0 0 0
0 0 0 1 0 0 1
0 0 1 0 1 0 0
0 1 0 0 0 1 0
1 0 0 0 0 0 1
1 1 1 1 1 1 1
0 0 0 0 0 1 0